1981
1976
1973
1972
1971
1969
1968
1967
1966
1965
1964
1962
1958
1955
1951
1947
1943
1940
1936
1932
1928
1925
1921
1917
1913
1910
1906
1902
1898
1895
1891
1887
1883
1879
1878
1877
1876
1875
1874
1880
1873
1872
1871
1870
1881
1869
1868
1882
1884
1885
1867
1886
1866
1865
1864
1888
1863
1862
1861
1860
1889
1859
1858
1857
1856
1890
1855
1854
1853
1892
1852
1851
1850
1849
1848
1893
1847
1846
1845
1844
1894
1843
1896
1842
1841
1840
1897
1839
1838
1837
1836
1835
1899
1834
1833
1832
1900
1901
1903
1831
1830
1829
1904
1828
1827
1905
1907
1908
1826
1822
1821
1819
1817
1815
1812
1810
1808
1806
1803
1801
1798
1796
1793
1789
1787
1785
1784
1783
1781
1779
1777
1774
1772
1770
1768
1766
1764
1762
1760
1758
1756
1754
1752
1750
1748
1746
1743
1741
1739
1737
1735
1733
1730
1727
1725
1723
1721
1719
1717
1715
1712
1710
1708
1705
1703
1701
1699
1697
1695
1692
1690
1688
1686
1683
1680
1678
1676
1673
1671
1670
1668
1666
1665
1667
1669
1672
1674
1675
1677
1664
1679
1681
1663
1682
1661
1657
1653
1650
1648
1645
1644
1646
1647
1643
1642
1649
1641
1651
1652
1639
1637
1634
1632
1630
1628
1626
1623
1621
1619
1615
1613
1611
1609
1607
1606
1605
1608
1604
1610
1603
1602
1612
1601
1600
1599
1614
1598
1597
1616
1596
1595
1594
1617
1593
1592
1618
1591
1587
1585
1583
1582
1579
1577
1576
1575
1573
1572
1570
1569
1568
1566
1565
1562
1561
1560
1557
1555
1554
1553
1551
1550
1548
1547
1545
1544
1541
1540
1538
1536
1535
1533
1531
1530
1528
1527
1525
1524
1522
1521
1520
1518
1517
1516
1514
1513
1511
1510
1508
1507
1506
1504
1503
1501
1500
1499
1498
1496
1495
1494
1492
1491
1490
1489
1487
1486
1485
1484
1488
1493
1497
1502
1482
1481
1471
1469
1466
1464
1463
1462
1460
1458
1457
1455
1454
1452
1450
1448
1446
1444
1441
1439
1437
1435
1433
1431
1429
1427
1425
1423
1421
1422
1419
1417
1415
1413
1411
1409
1407
1405
1403
1401
1398
1396
1394
1391
1389
1387
1385
1382
1380
1377
1375
1373
1371
1369
1367
1365
1363
1361
1358
1356
1354
1351
1350
1348
1347
1345
1344
1343
1346
1341
1339
1337
1335
1333
1331
1329
1326
1325
1324
1322
1320
1318
1316
1314
1311
1310
1307
1301
1299
1297
1295
1293
1291
1289
1287
1285
1282
1279
1276
1274
1272
1271
1269
1266
1264
1262
1260
1258
1256
1254
1252
1250
1248
1246
1244
1242
1240
1238
1235
1233
1231
1229
1227
1224
1222
1221
1220
1217
1215
1213
1211
1209
1207
1206
1204
1203
1201
1199
1197
1195
1193
1191
1190
1188
1186
1184
1181
1179
1177
1175
1172
1170
1168
1166
1163
1161
1159
1157
1154
1152
1150
1147
1145
1143
1141
1138
1136
1134
1132
1130
1128
1125
1123
1121
1119
1117
1114
1112
1113
1115
1111
1108
1106
1104
1103
1100
1091
1088
1085
1082
1079
1077
1075
1071
1069
1064
1062
1058
1056
1054
1051
1049
1047
1044
1042
1040
1038
1035
1031
1028
1026
1024
1021
1019
1017
1014
1012
1010
1007
1005
1003
1001
998
995
993
991
989
986
984
982
979
966
958
955
956
954
957
951
942
935
933
932
934
931
930
926
923
921
919
917
914
913
910
908
906
905
903
904
907
909
911
912
902
915
916
918
920
922
896
893
891
889
887
885
882
880
878
875
873
871
869
867
865
862
860
857
856
855
853
848
837
834
832
830
827
825
823
821
818
816
813
811
809
806
804
802
799
797
796
793
791
788
786
784
777
774
772
769
767
765
762
759
756
754
751
748
745
742
740
737
734
732
730
727
725
723
722
719
717
715
713
711
709
707
704
702
701
698
696
694
692
690
688
686
683
681
679
676
674
671
669
666
663
661
659
656
654
651
649
646
644
641
639
637
634
632
629
626
624
622
620
617
615
612
609
606
604
602
599
597
594
592
589
586
584
581
579
577
574
572
569
566
564
561
559
557
554
551
549
546
542
539
537
534
532
529
526
522
514
511
509
506
503
500
497
495
492
489
487
484
481
478
475
472
469
465
463
461
458
455
453
450
441
437
433
430
427
424
421
418
416
413
410
407
405
402
400
397
394
391
388
386
383
380
378
375
368
364
362
359
355
352
349
345
342
338
335
332
330
327
324
321
318
315
312
309
306
303
300
296
292
289
286
283
280
277
274
271
266
242
237
229
226
223
220
215
212
209
206
202
198
195
192
188
185
181
179
178
175
172
169
165
161
159
156
152
149
146
143
140
137
131
126
121
117
111
105
100
95
89
83
78
72
66
59
50
36
8
1
2
3
4
5
6
7
9
10
11
12
13
14
15
16
17
18
19
20
21
22
23
24
25
26
27
28
29
30
31
32
33
34
35
37
38
39
40
41
42
43
44
45
46
47
48
49
51
52
53
54
55
56
57
58
60
61
62
63
64
65
67
68
69
70
71
73
74
75
76
77
79
80
81
82
84
85
86
87
88
90
91
92
93
94
96
97
98
99
101
102
103
104
106
107
108
109
110
112
113
114
115
116
118
119
120
122
123
124
125
127
128
129
130
132
133
134
135
136
138
139
141
142
144
145
147
148
150
151
153
154
155
157
158
160
162
163
164
166
167
168
170
171
173
174
176
177
180
182
183
184
186
187
189
190
191
193
194
196
197
199
200
201
203
204
205
207
208
210
211
213
214
216
217
218
219
221
222
224
225
227
228
230
231
232
233
234
235
236
238
239
240
241
243
244
245
246
247
248
249
250
251
252
253
254
255
256
257
258
259
260
261
262
263
264
265
267
268
269
270
272
273
275
276
278
279
281
282
284
285
287
288
290
291
293
294
295
297
298
299
301
302
304
305
307
308
310
311
313
314
316
317
319
320
322
323
325
326
328
329
331
333
334
336
337
339
340
341
343
344
346
347
348
350
351
353
354
356
357
358
360
361
363
365
366
367
369
370
371
372
373
374
376
377
379
381
382
384
385
387
389
390
392
393
395
396
398
399
401
403
404
406
408
409
411
412
414
415
417
419
420
422
423
425
426
428
429
431
432
434
435
436
438
439
440
442
443
444
445
446
447
448
449
451
452
454
456
457
459
460
462
464
466
467
468
470
471
473
474
476
477
479
480
482
483
485
486
488
490
491
493
494
496
498
499
501
502
504
505
507
508
510
512
513
515
516
517
518
519
520
521
523
524
525
527
528
530
531
533
535
536
538
540
541
543
544
545
547
548
550
552
553
555
556
558
560
562
563
565
567
568
570
571
573
575
576
578
580
582
583
585
587
588
590
591
593
595
596
598
600
601
603
605
607
608
610
611
613
614
616
618
619
621
623
625
627
628
630
631
633
635
636
638
640
642
643
645
647
648
650
652
653
655
657
658
660
662
664
665
667
668
670
672
673
675
677
678
680
682
684
685
687
689
691
693
695
697
699
700
703
705
706
708
710
712
714
716
718
720
721
724
726
728
729
731
733
735
736
738
739
741
743
744
746
747
749
750
752
753
755
757
758
760
761
763
764
766
768
770
771
773
775
776
778
779
780
781
782
783
785
787
789
790
792
794
795
798
800
801
803
805
807
808
810
812
814
815
817
819
820
822
824
826
828
829
831
833
835
836
838
839
840
841
842
843
844
845
846
847
849
850
851
852
854
858
859
861
863
864
866
868
870
872
874
876
877
879
881
883
884
886
888
890
892
894
895
897
898
899
900
901
924
925
927
928
929
936
937
938
939
940
941
943
944
945
946
947
948
949
950
952
953
959
960
961
962
963
964
965
967
968
969
970
971
972
973
974
975
976
977
978
980
981
983
985
987
988
990
992
994
996
997
999
1000
1002
1004
1006
1008
1009
1011
1013
1015
1016
1018
1020
1022
1023
1025
1027
1029
1030
1032
1033
1034
1036
1037
1039
1041
1043
1045
1046
1048
1050
1052
1053
1055
1057
1059
1060
1061
1063
1065
1066
1067
1068
1070
1072
1073
1074
1076
1078
1080
1081
1083
1084
1086
1087
1089
1090
1092
1093
1094
1095
1096
1097
1098
1099
1101
1102
1105
1107
1109
1110
1116
1118
1120
1122
1124
1126
1127
1129
1131
1133
1135
1137
1139
1140
1142
1144
1146
1148
1149
1151
1153
1155
1156
1158
1160
1162
1164
1165
1167
1169
1171
1173
1174
1176
1178
1180
1182
1183
1185
1187
1189
1192
1194
1196
1198
1200
1202
1205
1208
1210
1212
1214
1216
1218
1219
1223
1225
1226
1228
1230
1232
1234
1236
1237
1239
1241
1243
1245
1247
1249
1251
1253
1255
1257
1259
1261
1263
1265
1267
1268
1270
1273
1275
1277
1278
1280
1281
1283
1284
1286
1288
1290
1292
1294
1296
1298
1300
1302
1303
1304
1305
1306
1308
1309
1312
1313
1315
1317
1319
1321
1323
1327
1328
1330
1332
1334
1336
1338
1340
1342
1349
1352
1353
1355
1357
1359
1360
1362
1364
1366
1368
1370
1372
1374
1376
1378
1379
1381
1383
1384
1386
1388
1390
1392
1393
1395
1397
1399
1400
1402
1404
1406
1408
1410
1412
1414
1416
1418
1420
1424
1426
1428
1430
1432
1434
1436
1438
1440
1442
1443
1445
1447
1449
1451
1453
1456
1459
1461
1465
1467
1468
1470
1472
1473
1474
1475
1476
1477
1478
1479
1480
1483
1505
1509
1512
1515
1519
1523
1526
1529
1532
1534
1537
1539
1542
1543
1546
1549
1552
1556
1558
1559
1563
1564
1567
1571
1574
1578
1580
1581
1584
1586
1588
1589
1590
1620
1622
1624
1625
1627
1629
1631
1633
1635
1636
1638
1640
1654
1655
1656
1658
1659
1660
1662
1684
1685
1687
1689
1691
1693
1694
1696
1698
1700
1702
1704
1706
1707
1709
1711
1713
1714
1716
1718
1720
1722
1724
1726
1728
1729
1731
1732
1734
1736
1738
1740
1742
1744
1745
1747
1749
1751
1753
1755
1757
1759
1761
1763
1765
1767
1769
1771
1773
1775
1776
1778
1780
1782
1786
1788
1790
1791
1792
1794
1795
1797
1799
1800
1802
1804
1805
1807
1809
1811
1813
1814
1816
1818
1820
1823
1824
1825
1909
1911
1912
1914
1915
1916
1918
1919
1920
1922
1923
1924
1926
1927
1929
1930
1931
1933
1934
1935
1937
1938
1939
1941
1942
1944
1945
1946
1948
1949
1950
1952
1953
1954
1956
1957
1959
1960
1961
1963
1970
1974
1975
1977
1978
1979
1980
1982
1983
1984
1985
1986
1987
1988
1989
1990
1991
1992
1993
1994
1995
1996
1997
1998
1999